-7990035173501458375;4594083360053676862320513194290924;-1
220893654414277397336820458007061232939453513481;1423415187202917878477574619245387702174124564472870848848464;-1
7336201971199479557726262161183699851773031482693;-41910886596506957771889320471678902055049559580056;-1
-1869181435380647954613;-358029322366769016342689972874756065264511163124129176916057003;-1
3895821478715334072801509567453346259083901782;407291482548796766956729556887760525903421930782060475019623719;-1
22886346869209399343590392;831109854697211986270004583571224211993407669256;-1
1128677648279784772524281290349790277;7114757818257590963668981702080084324865178;-1
683132523537504288380303522692714910916071162368298780909617;71394045783644820892056963013;-1
710529446975970909807654226652212729556188515041847137441861;1411919057230094514359323660927404674103182135971294729816702;-1
6088057370257714377;-631714317317056641361538007981025;-1
-1524676218790245954477643563178375148550650748079433942643113262;-954337503328824769965717826595729061600582426852;-1
3669372539168774083032029280305320416441;293089189523368826028920547336511361987346829699291457427689581022658557091;-1
-29558172841340163528015928193529695027524763222996126542948661054;-470152453257118258100414793553994569622316932395;-1
-18171788155662942868674704564206645717868360338049063811839411501;-3035882726878982365832365796320620686442651547892358603494944665969756165326;-1
297520691041111277770823549151631787826941857731;25440096812038982950695786080337533947324471209803419340902101077073;-1
-477642773402958607860141;224391936184411033109592890361608280021291293323264;-1
-321441576409388009353492354571407304151455529874391968325312684805178223753;-171971044077050653315309754102527578335146828055026798013683638;-1
-66587371035408583933147228780233917808976739271543046540537777629;-550975719160799289843970;-1
-46129650562123615108104135231375242852192;-13080585067174856267386667851363716014358863;-1
1175405755108649364516711049930789431054078865409882926752739;-2816334033965543491804;-1
4422565199083008850290293209027130525918180396;3905074022154298636363059594577165910224700442288870350242;-1
-209226260755090971998558159527948886549;53400794481583171039945850346239536994606355974772123247571374233;-1
